77 26 61  5 59  1 15 11 48 19 
-------------------------------
(0,0,1),(1,1)
26 77 61  5 59  1 15 11 48 19 
-------------------------------
(2,2,3),(1,1)
26 77  5 61 59  1 15 11 48 19 
-------------------------------
(4,4,5),(1,1)
26 77  5 61  1 59 15 11 48 19 
-------------------------------
(6,6,7),(1,1)
26 77  5 61  1 59 11 15 48 19 
-------------------------------
(8,8,9),(1,1)
26 77  5 61  1 59 11 15 19 48 
-------------------------------
(0,1,3),(2,2)
 5 26 61 77  1 59 11 15 19 48 
-------------------------------
(4,5,7),(2,2)
 5 26 61 77  1 11 15 59 19 48 
-------------------------------
(8,9,9),(2,0)
 5 26 61 77  1 11 15 59 19 48 
-------------------------------
(0,3,7),(4,4)
 1  5 11 15 26 59 61 77 19 48 
-------------------------------
(8,9,9),(2,0)
 1  5 11 15 26 59 61 77 19 48 
-------------------------------
(0,7,9),(8,2)
 1  5 11 15 19 26 48 59 61 77 
-------------------------------
 1  5 11 15 19 26 48 59 61 77 
