77 26  5 61  1 59 11 15 48 19 
-------------------------------
(0,0,1),(1,1)
26 77  5 61  1 59 11 15 48 19 
-------------------------------
(0,1,2),(2,1)
 5 26 77 61  1 59 11 15 48 19 
-------------------------------
(3,3,4),(1,1)
 5 26 77  1 61 59 11 15 48 19 
-------------------------------
(0,2,4),(3,2)
 1  5 26 61 77 59 11 15 48 19 
-------------------------------
(5,5,6),(1,1)
 1  5 26 61 77 11 59 15 48 19 
-------------------------------
(5,6,7),(2,1)
 1  5 26 61 77 11 15 59 48 19 
-------------------------------
(8,8,9),(1,1)
 1  5 26 61 77 11 15 59 19 48 
-------------------------------
(5,7,9),(3,2)
 1  5 26 61 77 11 15 19 48 59 
-------------------------------
(0,4,9),(5,5)
 1  5 11 15 19 26 48 59 61 77 
-------------------------------
 1  5 11 15 19 26 48 59 61 77 
