179 208 306  93 859 984  55   9 271  33 
------------------------------------------
  0   1   0   2   1   1   1   0   1   3 
  0   1   1   3   4   5   6   6   7  10 
271  93  33 984  55 306 208 179 859   9 
------------------------------------------
  3   0   0   1   0   2   0   2   1   1 
  3   3   3   4   4   6   6   8   9  10 
306 208   9  33  55 859 271 179 984  93 
------------------------------------------
  4   1   2   1   0   0   0   0   1   1 
  4   5   7   8   8   8   8   8   9  10 
  9  33  55  93 179 208 271 306 859 984 
------------------------------------------
  9  33  55  93 179 208 271 306 859 984 
