77 22 44 33 66 55 11 
----------------------
22 :
77 77 44 33 66 55 11 
22 77 44 33 66 55 11 
----------------------
44 :
22 77 77 33 66 55 11 
22 44 77 33 66 55 11 
----------------------
33 :
22 44 77 77 66 55 11 
22 44 44 77 66 55 11 
22 33 44 77 66 55 11 
----------------------
66 :
22 33 44 77 77 55 11 
22 33 44 66 77 55 11 
----------------------
55 :
22 33 44 66 77 77 11 
22 33 44 66 66 77 11 
22 33 44 55 66 77 11 
----------------------
11 :
22 33 44 55 66 77 77 
22 33 44 55 66 66 77 
22 33 44 55 55 66 77 
22 33 44 44 55 66 77 
22 33 33 44 55 66 77 
22 22 33 44 55 66 77 
11 22 33 44 55 66 77 
----------------------
11 22 33 44 55 66 77 
