26  5 77  1 61 11 59 15 48 19 
-------------------------------
-> 4(61)
26  5 77  1 61 11 59 15 48 19 
-> 3(1)
26  5 77  1 61 11 59 15 48 19 
8(48)<->3(1) -> 8(1)
26  5 77 48 61 11 59 15  1 19 
-> 2(77)
26  5 77 48 61 11 59 15  1 19 
-> 1(5)
26  5 77 48 61 11 59 15  1 19 
4(61)<->1(5) -> 4(5)
26 61 77 48  5 11 59 15  1 19 
9(19)<->4(5) -> 9(5)
26 61 77 48 19 11 59 15  1  5 
-> 0(26)
26 61 77 48 19 11 59 15  1  5 
2(77)<->0(26) -> 2(26)
77 61 26 48 19 11 59 15  1  5 
6(59)<->2(26) -> 6(26)
77 61 59 48 19 11 26 15  1  5 
-------------------------------
0(77)<->9(5) -> 0(5)
 5 61 59 48 19 11 26 15  1 77 
1(61)<->0(5) -> 1(5)
61  5 59 48 19 11 26 15  1 77 
3(48)<->1(5) -> 3(5)
61 48 59  5 19 11 26 15  1 77 
7(15)<->3(5) -> 7(5)
61 48 59 15 19 11 26  5  1 77 
-------------------------------
0(61)<->8(1) -> 0(1)
 1 48 59 15 19 11 26  5 61 77 
2(59)<->0(1) -> 2(1)
59 48  1 15 19 11 26  5 61 77 
6(26)<->2(1) -> 6(1)
59 48 26 15 19 11  1  5 61 77 
-------------------------------
0(59)<->7(5) -> 0(5)
 5 48 26 15 19 11  1 59 61 77 
1(48)<->0(5) -> 1(5)
48  5 26 15 19 11  1 59 61 77 
4(19)<->1(5) -> 4(5)
48 19 26 15  5 11  1 59 61 77 
-------------------------------
0(48)<->6(1) -> 0(1)
 1 19 26 15  5 11 48 59 61 77 
2(26)<->0(1) -> 2(1)
26 19  1 15  5 11 48 59 61 77 
5(11)<->2(1) -> 5(1)
26 19 11 15  5  1 48 59 61 77 
-------------------------------
0(26)<->5(1) -> 0(1)
 1 19 11 15  5 26 48 59 61 77 
1(19)<->0(1) -> 1(1)
19  1 11 15  5 26 48 59 61 77 
3(15)<->1(1) -> 3(1)
19 15 11  1  5 26 48 59 61 77 
-------------------------------
0(19)<->4(5) -> 0(5)
 5 15 11  1 19 26 48 59 61 77 
1(15)<->0(5) -> 1(5)
15  5 11  1 19 26 48 59 61 77 
-------------------------------
0(15)<->3(1) -> 0(1)
 1  5 11 15 19 26 48 59 61 77 
2(11)<->0(1) -> 2(1)
11  5  1 15 19 26 48 59 61 77 
-------------------------------
0(11)<->2(1) -> 0(1)
 1  5 11 15 19 26 48 59 61 77 
1(5)<->0(1) -> 1(1)
 5  1 11 15 19 26 48 59 61 77 
-------------------------------
0(5)<->1(1) -> 0(1)
 1  5 11 15 19 26 48 59 61 77 
-------------------------------
0(1)<->0(1) -> 0(1)
 1  5 11 15 19 26 48 59 61 77 
-------------------------------
 1  5 11 15 19 26 48 59 61 77 
