44 33 22 77 66 55 11 
----------------------
33 44 22 77 66 55 11 
33 22 44 77 66 55 11 
33 22 44 77 66 55 11 
33 22 44 66 77 55 11 
33 22 44 66 55 77 11 
33 22 44 66 55 11 77 
----------------------
22 33 44 66 55 11 77 
22 33 44 66 55 11 77 
22 33 44 66 55 11 77 
22 33 44 55 66 11 77 
22 33 44 55 11 66 77 
----------------------
22 33 44 55 11 66 77 
22 33 44 55 11 66 77 
22 33 44 55 11 66 77 
22 33 44 11 55 66 77 
----------------------
22 33 44 11 55 66 77 
22 33 44 11 55 66 77 
22 33 11 44 55 66 77 
----------------------
22 33 11 44 55 66 77 
22 11 33 44 55 66 77 
----------------------
11 22 33 44 55 66 77 
----------------------
11 22 33 44 55 66 77 
